5000
3094
1604
1724
1776
1019
4130
4293
775
4475
4388
1983
2285
2951
4919
2101
3036
4418
1209
3982
3568
1265
2927
731
114
4490
4519
3505
4412
1888
4675
2610
682
1832
1958
1420
3178
4632
3336
1388
2496
208
3467
1451
4606
166
3487
2231
280
1672
735
989
1820
2259
4826
3289
1543
2611
698
3349
430
2235
532
2603
4066
896
2822
2452
2453
1769
4240
2333
4762
3433
1287
4897
4330
2218
1401
3796
1134
2108
4027
648
2093
886
4427
2695
3437
412
2867
3100
2007
2241
4843
4433
1829
804
1801
972
679
2434
1870
4341
1893
2726
1102
3239
2045
794
1738
3707
3774
380
2969
284
2152
16
4218
1975
450
3103
3724
2807
4379
1835
4656
3182
3694
4809
3670
1205
3885
3805
2521
1354
1602
4364
3381
129
1667
1690
4983
3566
46
337
3524
1716
2253
3917
1821
4080
781
1886
4980
2433
376
4861
2257
3331
4444
1226
1824
1987
3273
3623
2047
4211
2645
1583
4203
3620
1530
4359
2439
1532
2676
1489
4358
900
4933
465
4520
4573
3271
2063
1078
4431
1279
763
892
48
3386
211
2364
4142
540
3361
4991
3423
983
1267
3578
1138
1507
1884
1343
96
1965
4435
1497
846
1942
4460
796
2153
4030
4265
4312
4160
1533
2756
765
4672
1407
2391
4777
820
1123
231
716
1699
2981
2741
4008
2240
2217
4921
4499
2307
2402
358
3683
3615
4349
3238
4734
3863
167
243
97
857
3850
254
3291
2074
2575
4622
987
2964
4365
247
2278
4391
3124
4126
293
1629
4183
1636
4450
1806
4695
3771
3203
1680
3070
1773
3073
336
3994
4684
3622
1568
4845
3137
4180
556
2923
697
1175
4161
3665
2721
2279
1043
1225
4830
3924
3907
3993
4799
4188
4708
3388
4476
2740
1216
3884
866
791
759
1633
4088
2875
2722
2222
1309
1383
4167
345
1689
2467
4227
404
3217
1563
4560
3898
3514
3738
179
3116
4614
3210
2064
4315
3348
1947
2887
4073
1206
2469
3476
4058
110
3380
659
1088
4711
4190
4742
3920
2515
2195
1369
4242
2528
1111
2941
4056
4366
2644
994
3836
721
3435
3020
2774
276
3642
3063
2917
1149
2773
1819
4342
4671
4769
872
4120
3992
1359
130
4492
2978
2234
4627
1894
1396
1355
1273
59
4249
1596
2049
1933
2833
4743
1160
1646
106
4266
597
2954
3011
1356
4767
4870
65
1425
3553
511
1308
1561
4208
842
3749
995
2003
2194
1266
1551
4701
424
638
4528
4020
300
2335
1008
4217
2360
1548
4570
4181
1049
3241
3650
3782
3068
214
1663
4192
310
747
1799
2713
4819
324
1473
3800
2696
3057
183
1408
1656
1027
80
4036
734
4874
1004
4438
3004
2097
4128
2167
4535
3023
4653
3946
2539
3075
240
3121
2693
3584
1072
1042
4572
4852
2321
1579
2968
453
3753
3789
726
2629
4857
1202
3520
2621
702
2460
2185
1666
3839
4156
1698
4637
2791
4209
1129
1352
2714
246
266
2738
176
3728
1402
1298
1070
3128
452
2831
2550
2184
803
1192
3981
2346
3575
3545
1810
1929
2247
2359
228
1179
1054
260
3219
3764
3131
1764
4652
2223
342
1025
1067
1693
3144
768
4896
705
2987
2344
371
3618
2423
2062
776
4829
4493
3104
2210
125
4174
3081
2939
4726
4091
2799
2107
334
2199
3309
4401
3858
1748
651
1723
708
1385
2631
2522
281
160
2018
3186
1120
4299
2474
1412
1578
3521
3415
3294
3447
1301
3634
155
4662
1177
299
420
4263
2036
1896
3846
2369
1945
3089
4927
709
4176
373
2292
2636
4065
789
4716
553
834
3693
4649
2526
2699
4226
4463
545
2979
1409
2099
2427
2019
3573
4370
4946
3532
2330
2823
4074
2193
723
4537
2670
805
364
3810
4786
1376
3276
143
2760
261
2139
4229
3261
951
495
694
2165
2765
4764
4028
4994
162
549
3155
583
2302
1440
3654
4173
1114
4148
3263
514
91
2650
1109
152
2394
4966
1973
4097
1391
3035
1241
4616
1717
635
4086
2326
4134
4144
665
1721
2431
4081
117
565
2971
217
754
3624
444
2845
2745
598
2044
2158
3912
2104
3543
2705
1286
4004
667
2463
2702
2
3403
2653
3977
1156
282
4956
4770
1798
1189
1623
3794
471
4259
63
2553
2872
124
4317
3212
4944
1658
915
2416
2055
920
3925
3816
66
4055
3281
4594
2766
1747
2646
2051
3080
3894
4451
1474
150
445
569
3479
4587
943
389
2950
2327
3168
1342
2144
1045
4593
3000
361
3658
1575
688
1722
908
1572
622
3916
1185
4082
4260
654
1856
1480
703
4127
174
2827
1700
1021
4959
4420
2162
4532
4595
4992
2372
3343
3208
1982
4405
2021
238
978
822
442
1386
3142
970
1607
2759
1367
1686
2116
4290
4735
3700
2761
23
3002
2935
1931
962
4811
4605
3438
2146
907
1075
58
2456
3973
858
657
262
1105
4960
660
4135
1361
2576
3947
1106
2841
3480
4858
2155
4818
2605
4421
2072
3269
3819
319
109
3893
714
3645
4262
1116
4230
4307
2815
602
2441
2734
3110
3831
1117
3242
3138
3874
4882
1676
1630
2625
2163
1662
4245
41
3308
4413
2959
1622
74
512
4893
290
1358
1678
3676
3751
2150
3627
2373
1222
2106
4883
480
200
4963
4131
4313
4544
927
3196
2136
3354
1524
4314
2932
1691
4287
2865
1122
4719
3702
3664
4985
3607
2414
560
3684
2613
3739
362
4875
813
4837
3918
1854
889
2634
3319
55
3169
1080
3337
4666
1143
4824
3065
1697
1990
2739
36
4316
509
1278
3297
4925
4354
3870
3399
2418
3612
3048
283
4228
1861
1026
165
720
45
1319
676
1471
4676
4324
115
4132
1171
739
3214
4200
449
2794
416
3926
4075
3845
303
105
3938
1253
4832
2084
3760
582
2990
4085
3442
25
2444
969
3335
2290
3959
577
850
4172
305
508
2111
875
2415
539
2620
4393
4443
2404
3682
3731
3941
778
3466
4772
4916
1995
178
3626
749
1101
3890
26
4322
2486
1424
431
2913
3166
617
4853
1774
546
2914
1632
439
2758
3500
2262
3591
4707
625
1920
434
1902
3098
3013
770
118
1243
1756
457
1513
2013
131
2272
3051
4974
4871
353
738
3421
4977
2854
4565
2697
182
4804
787
2852
3761
2700
4377
3550
4214
4928
3494
3586
4472
98
1433
821
3830
933
1463
4231
4674
1427
2643
4691
3022
3788
1834
1421
1969
1964
1147
887
1140
3848
2580
606
3324
267
2215
4106
3701
1901
1932
2764
4133
175
1815
853
2601
4585
3802
4969
1510
2743
3190
519
3209
3723
4626
4398
1061
3656
3109
3970
4782
2109
1892
3637
2334
3400
3745
4372
701
2512
4278
3377
3940
3530
2894
4553
503
1310
4479
1500
1136
3588
752
523
2607
1955
2179
2806
1229
1053
4807
1694
1377
4901
917
1176
1246
3510
4542
1594
4583
4138
3952
1144
1972
2311
1069
1323
1274
587
1559
668
2030
2931
1368
1767
2590
4693
2657
3659
3897
3218
4686
1714
792
985
2015
4939
2816
4948
3593
4298
4872
3027
192
2305
4887
1732
2530
1384
2161
4179
4860
2903
92
147
4326
3869
740
4
4615
1881
3039
2354
2300
4253
1151
1346
2651
3867
1520
4702
2370
4394
2203
877
4352
4586
4437
264
1146
949
3475
2315
3408
322
1378
4234
2560
479
2310
1566
3332
3005
1257
1612
4918
3686
3574
1393
2830
4864
3250
3164
3685
1550
1060
62
1121
1849
326
156
710
2725
2991
86
3274
2477
3159
2031
3243
1340
14
301
2747
3010
3803
1248
717
2814
4353
1127
3961
438
2306
222
1643
4760
3463
2673
727
1387
3824
1751
947
916
3613
4318
4323
2157
1906
2140
516
1379
1157
4567
1016
4982
2147
3939
2450
4508
4166
1673
4847
4546
1950
788
662
4051
403
3446
3727
4178
1184
3776
2501
1650
1335
4541
2858
4478
3915
4001
3405
1754
2378
2891
3198
1041
4241
1115
4247
4879
3859
2770
2191
3373
381
1263
4414
2893
4624
2604
4888
2622
4375
3944
2392
474
1557
4011
3189
2846
2054
3527
4043
1866
4792
4911
494
4083
2574
2261
2449
634
2851
930
2388
2166
2197
3054
4643
2202
3812
3222
481
4999
3987
655
564
379
1314
4169
3967
2196
3350
1227
236
339
1762
1261
4409
623
4380
2687
2492
226
4951
558
4885
861
2398
4839
1442
2040
4973
4779
3899
1576
2810
392
4790
2995
3888
1131
852
3120
2026
1292
835
3697
3744
1239
2205
706
3107
4784
1811
1159
4868
1056
4355
3860
3344
1217
1919
4965
3420
4496
1997
256
4812
3721
3293
3770
3286
3047
500
3298
4340
4392
1457
4487
4549
2489
4048
1316
1645
4465
751
4477
713
1852
3881
2727
1336
213
4491
1208
1803
4223
2517
574
1778
4252
4044
4373
1828
3034
396
1275
1521
4155
2511
2763
1332
880
1348
4667
1895
202
2861
3477
2265
1293
3595
1515
3955
3576
3580
2403
3259
1032
3326
910
2421
4204
1809
766
29
2749
3590
4856
1079
375
629
4224
3085
2426
2874
3177
4775
2079
4145
993
3457
1113
2173
2566
3490
3581
748
3290
1276
3379
3600
3559
1303
2671
67
4685
3790
2386
786
4269
2624
588
585
807
4931
440
4016
1719
2214
596
2819
2527
2750
1725
1833
851
4688
386
2350
140
1953
64
3621
4988
4423
3069
3629
1224
2639
3143
1880
3690
1788
2123
1333
923
527
1925
4530
2957
3351
3282
427
196
1736
998
2587
1327
7
3240
107
4453
4446
1538
1486
3092
1410
6
3936
3127
3984
3643
729
4625
2802
2320
3187
149
4010
3963
3122
2483
3540
218
3525
1713
1326
2963
1135
1988
1395
4617
3921
4399
3206
2407
3488
2343
3653
1587
2209
3139
3233
3570
2226
2495
151
4071
4929
4512
3456
919
4199
122
3646
2681
867
1846
2187
3372
2720
2479
3193
4630
2405
3028
3058
1505
3877
1703
963
2151
2748
3401
4932
2128
3605
3506
3315
1768
893
1553
1641
3444
3427
1238
2974
4276
3050
2818
2873
693
4017
475
4059
3450
1318
1046
3886
2588
1236
3801
1527
1674
3185
2339
4345
2249
3844
2936
4665
711
4295
538
1405
2345
4703
3594
224
3766
4869
535
990
1165
1212
1465
4766
3696
2589
3999
1187
3711
3097
4569
1547
4481
816
2500
2546
3704
3318
4729
1739
3842
4673
1181
4713
3985
4753
2882
1966
555
3279
944
4773
1745
1959
3340
819
2973
230
2260
123
485
2666
3445
2986
4990
1085
4361
4651
81
3133
3811
2860
4304
2557
4942
1539
1781
1158
2221
3641
567
4302
3255
4559
3468
289
1126
4258
2691
4717
3979
2352
2718
3791
1726
1840
1417
4049
4333
2413
1448
3492
250
4936
3267
1879
1986
2777
3061
1062
878
2005
478
135
589
1542
2859
4744
1201
4850
355
1519
3489
49
4306
4863
3821
3554
4518
463
3986
3158
330
1501
4878
3188
4087
537
3160
1364
3754
2632
4170
3511
2052
2924
335
1546
4348
3272
3508
13
9
2956
4502
4272
4047
288
4705
2035
728
4859
914
643
2715
690
491
1930
3779
4057
1733
388
948
4821
2862
414
2843
4506
961
374
1518
2555
737
1167
1444
3310
3743
2698
4035
3001
2751
2568
4822
2430
1581
1353
3359
1926
2493
4677
4429
4038
2878
360
1865
3585
3200
1743
1015
148
1644
3974
4513
3614
847
1434
2543
2835
845
2268
2895
1490
2544
954
3611
1912
1606
3483
2618
2042
2952
3304
1600
591
415
800
1640
1826
2798
2547
2238
4733
3179
2294
3529
1655
2148
3228
2445
4681
4757
959
2365
4889
2119
1652
1468
771
309
1681
504
233
3448
1544
4397
2792
3852
433
672
3471
1509
785
2181
4550
4092
1172
1624
2847
2066
2790
1406
1651
1498
979
1351
413
273
3440
4076
4238
976
663
2401
1252
2258
4712
1867
971
988
1705
489
4053
44
3544
4464
60
3496
3491
1730
4842
4774
4515
2953
221
616
2829
3619
1031
3173
1090
482
810
2323
3431
3017
1882
4967
1328
146
348
1009
3662
4042
2641
4374
2808
1797
3719
3655
1453
3393
939
4207
4339
338
3046
1729
2284
210
4288
4947
3407
1170
3726
2342
4137
2295
3095
883
1431
3906
4690
2960
1592
1731
446
1845
4531
3652
3644
1210
784
3919
232
1951
2508
2298
3096
2898
1413
4346
251
3227
3628
2491
2046
2156
4741
3714
1586
4564
692
3713
4243
3541
4706
2992
104
1100
1671
1981
2647
2989
894
2985
547
980
3608
2012
1093
255
2043
315
4949
1999
2384
1495
2142
350
691
2729
2866
1282
2078
3174
882
3149
1900
3352
3998
802
4445
4975
447
3558
3306
1322
2888
901
1961
1514
4722
17
161
3587
1260
3060
561
3783
2396
2355
780
4334
4533
432
1813
4297
2228
3667
2537
1230
2585
4810
3224
1889
4151
1436
3161
377
1035
3583
4237
4187
1938
4275
209
1182
921
2779
3660
1398
4000
2920
2967
4436
3927
604
3129
2788
390
1628
4639
4823
3712
1616
605
391
4033
1237
241
4432
3430
956
2853
1247
3757
1018
4529
576
1199
398
1805
2390
1804
2662
517
3355
3809
4610
451
1419
4891
1011
935
2655
1068
2649
2487
79
1536
2922
2549
235
1564
1534
2029
1935
2857
1654
1907
595
190
2331
3908
1414
2656
4958
3220
2658
223
4101
4604
3486
4222
4335
2633
1262
57
3640
653
357
1558
903
3957
2619
1897
3602
3125
1614
2356
2313
767
2186
2958
808
507
4574
3827
1779
2529
3087
1915
3191
4659
1299
3880
718
4381
2246
533
922
3237
684
2121
2475
2626
3551
4749
1831
4205
383
4321
1311
4191
497
3245
4862
4597
3847
93
407
2264
1545
2736
2889
4907
1305
4524
2885
499
4669
2376
1755
960
2918
2623
4368
3958
4906
4771
3843
3603
4026
4408
2411
1537
1148
3323
2836
1084
4029
3781
2389
4146
3040
1989
1022
2061
4286
4164
2689
1221
982
1677
4239
4251
4600
1363
656
2934
2091
2395
3434
359
3112
3750
2069
4732
3909
298
3369
1836
619
4279
4458
2243
1443
2782
4940
4808
40
3404
4908
4256
2316
203
2432
2983
2711
477
3204
2919
113
3813
2270
3495
257
856
2638
945
1777
925
4158
3093
1675
4141
4189
2023
366
132
4309
4469
1492
1097
1701
3342
2614
2110
981
4196
1753
3855
4598
1000
2466
4612
4855
4114
2533
4484
1598
2224
487
3314
1710
1807
2059
630
3358
3636
2025
4023
4680
3931
2252
3439
1255
3715
3325
3866
2141
3522
4758
4730
1218
4961
3737
3647
4635
1153
1817
3669
2762
4504
601
762
4386
1752
352
3419
4968
4402
1728
2817
3501
3571
4385
890
675
302
2535
506
4459
4976
1161
3557
2471
1087
193
3330
733
586
769
1250
1992
4791
4536
2598
3052
4411
3041
4468
3032
1213
47
2317
3140
669
1627
941
3003
2559
1099
4462
1718
2732
1458
1169
4993
4294
2347
54
1438
112
2340
1638
2159
3389
3582
2556
3864
1112
548
1939
295
27
3126
1795
356
1814
4602
1259
3322
1970
3108
687
4274
1844
4623
541
291
3949
4034
3077
4954
1759
1325
3493
3192
409
473
4062
3674
4590
4776
4467
639
2273
4920
680
2778
3535
550
2892
1863
3972
4900
4789
3883
2132
4527
1941
1071
873
686
1014
1081
3248
332
397
568
4648
2947
4489
1664
128
1766
4704
1917
2915
470
3799
85
4633
4955
615
573
4721
3741
612
2367
1695
3231
42
4233
3833
3283
1637
732
685
2563
2832
3130
4157
2678
34
2379
2371
1370
613
536
2519
2075
4802
3432
2579
2478
3677
3609
1642
3956
4070
1345
2349
1707
2458
4271
3896
4873
4099
4720
4840
4182
4566
4514
4780
1793
39
4441
1037
1466
4347
2308
4768
1482
1910
3367
456
1737
2982
4337
52
4447
3528
3132
2008
347
1277
2692
285
2387
3327
2083
1875
1380
4603
1502
4516
354
4579
1371
1086
965
1214
3453
4833
4926
1095
4159
743
4124
3113
4338
3822
172
4989
4063
730
1142
3368
1626
2988
1195
3119
2275
3689
4894
871
1058
4781
177
3417
4589
3691
2834
2984
4105
2009
1916
4378
3086
410
4903
2410
4619
1734
2482
3397
2723
3515
234
3878
3787
2086
4213
2455
1240
2281
448
3307
3074
2309
1477
3560
462
1341
964
838
4289
1245
3556
4979
814
3565
862
206
212
2256
3117
11
2154
3341
133
608
2746
2516
4803
3630
4041
2842
1979
4068
1993
3995
863
3102
1569
187
3428
2977
3398
2180
950
3280
1784
3820
3661
2870
999
2393
1094
4139
144
2880
4910
968
1593
1447
3111
21
1244
824
913
3461
1577
2577
3302
4363
2100
4634
3663
636
2135
4748
3470
3418
3709
4814
1215
1631
2314
2094
1450
4486
4952
2615
4072
71
119
3346
157
1478
1574
4244
3849
4031
3449
4177
4827
2274
2034
1400
275
4193
3678
2551
3695
4558
1508
4281
4236
649
3038
3165
1963
2769
1750
3708
562
329
2694
3498
563
1823
370
1928
3454
1847
2381
1565
1304
1898
529
2908
3481
2225
4175
1837
4761
4022
1940
865
2970
248
777
2351
592
3804
1796
3513
1036
3459
1862
4750
1228
3105
1891
715
184
1887
3829
809
3932
2716
3469
3265
3983
515
1791
1439
4109
1074
1872
2825
327
4505
2627
4336
2081
2255
164
650
4890
637
4457
2943
428
3503
4140
2125
3056
1792
464
4646
1946
219
4698
522
1435
3504
2703
2178
2242
4765
1198
3473
3262
194
4369
2358
1944
3978
168
3162
4511
333
4865
1118
4108
4737
4482
2397
4498
681
934
3429
3171
2545
4950
2916
2412
4689
3960
141
2600
318
2164
3784
4007
4331
3610
2237
1869
4136
378
3172
1504
3933
1392
897
3752
2250
2374
316
2440
2050
2361
1758
1903
1635
3460
2933
2177
1952
4728
3221
3422
207
1339
2850
3411
1280
4118
2254
216
4248
1347
4096
181
1461
4554
4727
3688
841
405
2674
3531
1010
2212
2176
4844
3076
2038
2742
2737
82
3518
3232
2548
1540
3837
3748
4125
3807
3705
468
4641
4621
3292
3254
3742
3625
1757
1560
4557
3730
579
4523
3502
2997
2710
2169
2772
1196
1390
4682
3563
3875
461
100
3862
436
4795
4305
2190
677
1082
15
73
4638
4198
3823
4254
4344
4526
2581
2133
2319
1496
3285
912
406
1296
4485
2287
4015
4232
3257
1284
1535
2596
2586
3384
3734
1091
3929
2972
3911
1503
4576
2796
1802
1191
1702
2149
321
121
2998
1315
1786
4216
429
3567
294
4756
501
2328
3838
580
1023
1794
4503
4215
4195
4797
849
2849
4694
1871
1590
2299
1007
313
2076
4356
1055
323
924
4787
4112
1909
1943
3207
2712
3295
4212
3951
2768
2976
1994
2593
986
1517
1295
173
2271
3106
467
365
3
287
4509
825
19
3507
2001
422
1619
1599
3154
3922
2675
199
3266
483
3648
4018
4540
4045
876
1357
3692
4794
3599
101
2028
2591
1727
2863
3268
2940
3202
2468
4607
4273
1531
369
3114
3152
2092
1639
2201
4456
855
3059
1692
4449
2955
3718
3236
996
4902
4517
2014
2089
525
2755
1960
1491
3378
443
3564
3892
1660
259
1163
1429
116
3313
2679
4953
3229
1330
1334
1441
304
1020
3396
3969
2233
83
1949
1076
2948
3687
3962
2899
3195
1418
4301
2663
4561
4922
4700
2564
642
2876
1017
4052
4895
2068
1868
1684
3747
2461
870
953
454
4084
674
3740
180
2114
4032
926
4021
707
3638
1905
1302
417
997
4282
3183
2896
1173
4277
2488
1555
1556
4972
4037
2744
4884
3413
3364
4102
4923
1876
3835
1481
4582
4815
1002
1668
1389
349
2465
3569
1648
4292
2211
818
2145
4206
4143
746
3251
4620
974
1516
2884
4552
99
4350
3296
1382
4697
4745
1423
1936
3512
4400
3078
1996
2293
4661
2900
2572
2757
3260
2070
1554
2420
2883
3832
4319
4608
3156
2677
952
712
4235
4268
3412
3175
237
4264
1381
4562
2668
3854
2910
3549
3818
3882
614
1649
929
1139
1715
526
1416
277
1830
4877
1063
4060
3725
4699
2425
646
4996
4064
1512
797
4329
3049
2115
860
758
1601
4466
1899
2730
1124
1203
411
4495
120
4551
1974
879
4284
1937
2080
3334
3300
1251
308
3482
779
790
3759
169
628
3025
3722
274
1297
2536
3937
3234
3910
2993
2417
2506
3363
3425
271
2227
3016
2168
3406
3382
423
205
4455
742
4396
3455
3390
609
1269
1155
137
3668
1254
1186
4817
575
4631
402
3099
1908
2824
1883
4095
4841
4834
761
3258
1320
1851
2776
4012
2096
3793
641
1415
1782
1197
2793
1954
421
1422
2617
2251
4122
1647
2280
185
3606
801
4461
3679
590
2183
314
1362
204
4123
328
885
4069
1289
3365
1338
2462
3699
3616
984
940
4740
2897
4221
2448
2583
3755
269
2571
3538
3872
4303
2122
1525
2938
2797
3366
1617
4184
2926
2269
3526
460
2229
2558
531
1235
1708
4100
2541
1180
1
633
2443
170
1128
2826
1024
3579
1150
4679
1857
2454
1272
2470
571
2266
1921
3720
1430
566
472
1763
1234
4061
3472
2353
3072
2077
2837
3828
4089
4417
3499
134
1523
2267
3029
2890
1168
56
103
3252
1469
700
3996
3706
1104
593
4202
4311
1103
2781
1620
3395
1033
4866
2582
884
2244
3975
2789
1522
938
3769
3443
8
286
108
4941
3244
3989
1608
3552
3045
189
1603
666
1211
2032
4831
3923
3115
2879
3134
1162
2341
4150
1765
2303
3246
3631
3402
4090
4362
2058
4601
68
4798
843
4796
4371
1552
2680
4382
306
4725
4325
2103
1526
3887
3913
1366
4731
2719
3321
3275
1242
551
3756
4255
2464
3385
992
750
340
2531
2660
2881
1571
3387
3928
3604
4886
640
400
3288
2385
2126
1312
1256
1012
1816
2996
2006
3211
4424
793
3357
31
4129
4881
4938
3562
408
1838
4539
4650
1923
1998
3546
263
906
4426
4998
2520
4971
278
3146
3123
521
292
3735
4117
5
3589
2554
812
1877
3935
2113
4387
4592
2567
4660
2871
3857
827
1219
3015
253
4800
1152
2082
2459
2902
3153
3199
3167
2840
3021
1528
607
1166
225
4555
4981
3090
3666
3194
1188
1665
1855
296
1317
2204
4225
1818
2783
874
2174
4978
325
4683
4154
3008
2073
2652
1472
505
1822
4098
3703
2828
4892
3278
4957
4009
1853
2442
2022
832
372
496
611
1874
4267
2296
385
2131
2907
3320
4483
3596
975
2661
3889
3253
142
3277
2010
2188
4934
2886
3639
2472
3030
3141
3772
3284
2219
2966
2786
3213
942
3733
3465
3091
22
227
24
4547
895
2930
2906
4801
4571
868
1688
1375
1321
3316
4078
2525
2838
3356
1108
1720
4149
252
4663
4995
2503
4538
3534
4171
626
3592
1141
2928
4002
1399
2608
158
425
2921
1183
2332
4327
724
4849
4332
244
1052
2688
3561
2510
4116
3148
4636
2451
3991
4658
2609
4040
2277
1669
3101
3451
4194
4121
1712
1475
695
1787
931
2507
2690
3729
3497
3230
744
3555
1164
2276
2901
2683
1372
1145
888
3601
1452
249
1365
1659
1324
1615
1591
3163
3136
3024
4596
1749
699
1499
1066
2027
1511
186
2498
3426
2399
1962
513
2518
4763
2573
3270
4168
2752
3053
2289
2329
1281
757
3064
4943
4110
2640
435
2383
50
2263
2200
2775
936
4664
215
1048
3225
76
4494
4434
4522
3537
4107
1426
1742
4165
3197
833
4480
2839
4778
4285
320
4014
297
1589
2071
2124
4283
2868
1850
2685
2565
4820
543
4113
1744
4611
955
2569
1800
2102
2994
2024
1350
2406
265
3934
1653
1605
1050
1057
5000
1772
3871
4876
1232
661
3808
4404
1459
4510
61
2324
2048
2717
2476
4185
3223
4360
3904
1956
3548
1567
830
3329
991
1291
502
2481
418
2667
1479
2207
3876
3542
3150
2946
1283
1890
138
4563
652
2821
3598
3184
2961
2230
3180
3338
53
2494
382
3681
2562
1044
4079
3680
3226
673
2424
4257
1487
1991
4054
4599
4220
1005
4670
783
782
2767
2232
937
279
245
111
198
2499
4046
581
2975
1047
1064
4930
3710
3943
4609
102
4628
1878
3953
670
2400
4250
3533
3971
2016
4714
2170
1613
4452
3347
2039
2552
3942
395
3902
2447
2438
69
3817
2733
3362
4854
1132
1841
1119
3394
2138
3485
3765
1980
696
4724
346
441
3264
3635
4415
3014
1914
4428
3716
1484
2286
4816
4357
1449
3287
3777
4376
2377
2057
559
3333
1462
4710
2245
3424
1288
864
823
753
3577
4828
736
1885
459
2480
3066
4924
2301
899
932
384
4454
4410
578
153
1595
2484
2635
3901
4723
3375
2288
958
3170
4019
1968
4747
1911
764
1411
4310
3997
1374
401
4470
2087
1092
1977
570
2239
2944
2949
1006
3795
1268
1621
957
1775
928
2067
2189
3391
518
2524
4917
772
3018
4103
4986
534
1470
3798
1711
3328
2809
3478
524
2753
3767
2020
4006
644
854
2684
3633
2172
2002
3964
2642
4261
610
1597
1445
977
1670
704
3215
831
2362
3895
1918
3235
1394
4093
3903
2648
4880
3980
4912
4270
799
4654
2118
4246
2561
3176
10
75
3780
70
2800
2724
2909
1204
1220
836
2375
154
2707
2904
4328
4751
1258
239
1808
399
4473
4406
1927
2011
94
839
3762
3732
624
1300
2597
1154
3841
2578
4067
4147
2428
1174
3007
2532
973
2709
2877
33
3311
4384
2446
1679
1580
4692
84
1271
1785
1038
139
2856
811
1585
4407
4838
2735
837
1790
2291
2206
3151
258
4783
4448
486
4642
760
4442
1034
722
126
1957
1432
4439
528
2682
2338
3118
1687
4835
2731
2090
618
4709
136
4668
3084
1506
3436
1040
3900
599
4367
4500
2382
3157
2514
4806
2542
1842
3948
341
755
3067
437
3825
2616
4568
331
902
3758
4005
4578
4548
419
78
3865
1360
3071
664
1839
1249
2534
1625
363
191
4003
1077
2348
1446
3299
163
2659
3216
4935
2017
2304
4805
4094
1307
1976
3441
3814
1001
2060
2672
1934
2502
4430
1967
4739
1780
2117
2216
4440
3966
1404
3950
1294
2000
3988
795
3768
3409
869
87
3305
1685
745
2664
72
1331
2965
4416
201
368
3672
3773
2175
844
1746
3009
1634
2929
826
3671
4163
2813
2595
2192
2785
2325
658
1455
1783
2570
4785
2236
3517
3873
3853
3868
2112
2937
2513
3484
3523
1313
1485
3649
3312
4655
4077
35
3914
311
1696
2905
3516
4545
3861
1971
2085
4913
3416
806
4736
3462
2220
2630
1107
620
4050
3786
1460
627
891
4403
2962
4543
3303
584
1051
3539
2182
1494
3353
2771
2637
1349
4997
1529
2509
2095
3201
4678
3746
1827
3317
3851
3205
3905
4640
3452
3509
2065
88
1028
1562
2105
2137
188
2912
2654
2540
3082
3806
1609
2612
394
3079
493
905
2848
4581
909
1223
4419
1467
2523
4383
4584
3572
3062
1003
4793
2127
51
4162
4899
911
4119
4039
20
367
307
1039
4588
2980
2820
2628
2283
798
3547
1978
426
1582
4115
4197
3414
1661
242
840
3026
4909
2143
4848
1270
2706
2485
4280
4836
3042
4422
4867
3632
1306
3763
3797
2429
4153
3458
127
1541
542
719
3617
1194
2803
3785
1706
2708
77
1611
1873
552
18
4851
4300
4580
966
3597
2130
4521
1735
2120
1493
3247
1549
4755
1231
1860
2801
1570
4937
2669
2754
490
2422
4746
3834
4201
1059
1704
683
387
2337
469
498
1948
3019
4390
631
3043
4575
1373
3339
195
312
2864
4577
3717
3044
1264
1741
946
4308
2592
12
2248
3376
1329
848
2606
2368
3775
197
2805
4152
1812
4389
2599
3012
4914
4320
2160
4898
4501
4024
2665
343
2033
4825
3383
773
4111
2436
1089
520
4025
1488
2538
4657
344
544
4629
1073
4618
2312
1344
32
351
2855
2129
1133
603
4425
3698
2366
30
1848
4759
2408
881
632
678
2787
3055
2945
3088
4343
4738
1476
4471
594
2056
1454
159
1859
3965
2435
2322
1456
1573
1610
904
2363
43
2041
2911
898
2208
4186
1657
3474
4507
647
4718
4296
2602
3657
3135
2999
1125
4647
1984
1864
1843
2419
492
4644
171
4915
3033
2088
1771
2004
3345
1789
1584
3945
2728
220
1200
1190
1985
1922
4556
2505
2811
90
2701
270
2409
1588
4788
1029
2297
4904
2869
2925
3840
2171
37
725
4687
1761
1337
829
4591
621
4351
4013
2198
1110
3145
828
1770
2473
817
2784
3990
1437
272
3930
2804
1913
671
2134
2318
3856
1403
741
4970
2942
1397
3006
2704
1740
2504
2490
2457
3392
3410
4984
4752
4488
2098
1030
1233
554
3031
510
3736
4395
2282
3147
1825
3536
1682
488
4534
3519
2037
268
4219
645
229
967
1709
3891
3976
1096
3360
1858
4696
4846
859
1065
1483
4905
3374
1924
4291
600
2780
4525
1285
3464
4613
28
4962
756
2497
1207
4104
455
1904
3778
458
3968
4715
95
4945
3301
1618
466
2594
2437
3651
317
1130
3792
918
4645
2357
476
3815
3826
2584
2795
1178
1428
1464
2812
3037
3256
1760
4964
2336
1013
2053
2686
4813
689
3675
3954
3371
530
1683
1290
2380
484
4497
393
3673
557
4754
3370
1083
572
4210
815
774
4987
38
3181
4474
89
3879
1137
1193
2844
1098
2213
3083
3249
145
