5743, 5737, 5000
270
327
4955
4696
1504
285
2943
1203
1546
3722
4832
4315
2542
4532
1459
3093
2723
4181
3394
304
1557
3446
3853
191
4232
2931
2587
4924
4707
1012
2977
1053
4052
1619
4676
702
1114
1920
1659
2783
3656
3662
3173
2294
2731
4749
4202
956
2681
3076
529
675
1751
2621
992
3195
1176
38
4649
1616
1844
4059
4151
4515
63
3019
2710
4697
4909
552
4957
926
1949
2221
4897
1507
474
3715
2470
4271
4629
858
3114
4102
590
931
2926
1918
237
4079
3371
1174
260
460
3820
155
467
487
1999
309
3949
1364
3307
436
831
1668
2090
1142
4859
1694
4604
4499
3074
4327
388
4935
3674
3415
1173
963
673
3283
1009
405
4414
4042
2274
566
2493
2378
3705
2857
3933
1392
1087
2453
3380
4049
396
2768
3223
4985
4745
1404
339
765
4044
2552
4448
3466
3466
2589
519
1226
4943
1498
2928
2631
893
4623
3103
4885
4115
797
2930
402
1223
4103
4220
2720
4284
2158
102
4749
3105
2315
4570
4935
2354
4088
1732
320
1438
434
2549
1425
277
714
3151
3317
1649
3443
2052
1548
962
1207
596
2944
3312
3973
3264
1083
4431
2193
2497
2709
1358
2987
4654
4479
427
2443
923
2021
4805
3106
21
4139
3149
4330
2449
2123
133
3644
2910
856
2611
1033
3468
907
1622
3692
1159
1360
4965
1714
685
1031
1872
148
1842
4719
3593
4325
2314
3000
1661
2922
618
4535
1154
4825
4616
430
4636
2303
4272
1100
1890
2676
4102
4672
4587
2717
3706
950
1231
4012
24
907
2081
4620
3302
2642
3786
570
3824
2845
4511
1028
4797
3630
2777
2084
497
1706
4558
412
4146
1750
4751
2173
3559
3023
621
4491
2787
2358
4702
2687
1377
1678
3707
1017
2077
4361
1858
1565
2963
3849
2598
887
462
4396
2723
3810
1393
1825
3460
387
396
3189
547
3945
3870
2732
6
1201
1504
3225
4644
980
421
4784
415
1893
3301
556
4716
2029
1456
1092
1801
2757
1295
4239
2686
3792
1793
295
2610
4365
3441
1404
1878
2399
220
1525
2744
4876
2272
4648
4349
3616
1153
784
4256
1034
1071
4238
167
344
1880
3177
3933
4617
230
972
3312
1077
4349
3767
1781
699
1077
2382
4859
54
702
544
720
572
3738
4152
2663
3723
3265
3466
1231
4662
3763
2153
660
3394
2936
650
3374
2669
3882
371
1317
1491
4920
1672
2970
4277
2858
2946
282
3039
3867
1394
2516
4184
2236
1246
1215
2634
3971
4797
2040
1182
3996
1523
2279
1759
4332
907
4419
1002
2827
3084
582
919
2893
2149
4939
3613
3431
2067
4057
3087
4950
539
3961
1657
2710
2038
3973
3502
4161
2285
4345
256
2284
4502
2199
3299
414
4571
3590
3061
452
3938
2293
641
753
254
4177
315
814
3677
4514
4569
797
2362
4275
2933
515
162
2980
4901
1244
3403
4990
2154
1820
4718
1148
84
3535
2915
4356
4956
2244
2705
425
1833
489
4664
2644
3925
3580
4053
2221
3477
135
4491
369
2011
4793
1802
4674
924
1841
2862
3828
4535
4529
4023
1905
1785
2666
562
1433
3366
4896
789
3611
1843
2618
4176
2120
2510
4785
4635
2064
4677
2405
4316
658
2860
2915
3590
2673
3416
806
4519
3982
2294
4832
3005
1461
454
3462
1579
2015
1159
1601
4480
1376
3687
3085
2527
3012
509
1312
441
4891
374
2457
3253
855
4221
3200
2786
3762
380
218
2924
3331
3436
3618
2923
3554
3213
2571
282
48
1466
3956
4275
408
2730
3692
173
3842
1351
324
1050
2969
3722
2689
2288
1331
670
1012
3872
2553
4391
8
1544
4752
1177
3112
2472
4391
2058
2921
3428
135
2595
1044
4865
893
786
4976
351
3572
249
1577
1364
1284
2652
2174
4228
3602
2464
3196
1560
4275
1769
1731
325
4538
1901
4437
3699
2980
2929
2434
66
701
2421
621
2397
701
4742
1828
4497
241
849
2033
31
4858
3810
4257
4553
2986
620
3082
1293
719
3970
1614
1475
2713
1903
560
2083
1752
3895
1745
3174
1758
3252
4958
2149
2065
4787
1068
3270
4427
4119
265
388
1698
4774
3198
1761
3602
2753
1743
1572
1882
2841
3958
2437
2872
4868
3062
974
4541
1653
942
2094
2241
201
374
3813
4148
1090
1879
2287
2224
142
3656
935
1844
1942
2843
4649
1865
2867
4507
2866
2610
1497
237
1058
2057
573
4481
2623
3300
4031
4451
648
4204
2221
1893
1275
2508
3915
3282
4875
1882
2955
982
2144
1002
3713
763
4273
3469
3576
803
390
4148
359
1862
2177
1523
2465
4339
4216
3958
1238
3248
1988
4103
3517
1565
4891
2833
2594
2395
2148
2221
171
778
4005
251
2836
1532
2982
2604
4629
346
3292
3152
1739
3649
2745
4318
3738
1267
3988
3701
3416
9
4573
2827
353
1628
145
2195
408
3874
4086
4710
3628
4891
3749
2552
4189
2414
1964
3567
4223
1467
1271
805
2417
625
2141
1899
1026
3147
1864
2249
3480
755
4490
730
1182
3454
1880
4895
1875
4869
3473
1273
2392
205
4805
3602
2938
2689
3347
3684
2795
1023
4631
3239
936
3497
605
4084
1999
2858
4967
2742
4143
2359
2662
4233
4791
158
2940
2251
2181
1586
1914
39
3147
3878
1692
2811
4251
2790
3642
3022
2956
4888
1054
853
3827
3015
2158
1543
3439
2818
961
4959
459
419
928
3763
1139
661
1899
2586
2045
3290
1525
1871
3286
1332
4679
2478
2065
2384
1588
1841
3365
2869
2241
3993
4121
1088
3592
333
2623
1619
807
1031
2711
3551
3631
574
4483
2050
4288
4253
264
188
1096
3339
257
1851
263
1767
4966
1423
649
1757
358
1737
2732
2512
4582
1873
1107
2002
3437
322
2812
4336
2108
3276
3861
2120
4726
2441
1335
4648
3362
259
2298
1532
71
2243
457
8
3897
4330
4505
4903
2175
2392
3744
4631
4603
3269
43
2762
1375
232
702
4268
4493
1235
1770
3266
4986
4166
597
3009
1821
3404
2482
3163
2409
3830
1879
3204
3893
1040
689
4040
3310
4145
2190
2470
1115
1269
348
4930
3208
1266
221
4855
2417
3811
3712
1821
694
2071
4861
4504
1024
3812
3710
92
1287
571
3061
4900
4364
4241
3161
3891
1453
1223
3291
2011
1997
996
3045
1999
631
186
1171
72
1313
3824
3855
4284
4413
959
2646
2229
3950
3004
4346
421
3035
4591
762
4653
1490
541
3663
2303
383
71
1056
1434
573
4869
1007
1354
3851
593
3505
2483
1167
4560
2890
1471
1736
1526
3107
1538
4345
1317
2932
2211
3959
2152
3514
1208
1928
3938
2078
3474
1163
2333
1124
2423
4716
2248
3364
4869
2051
63
765
1226
3167
2473
1001
3680
4417
2319
2719
2347
3453
3958
2582
2238
3859
277
3627
1753
3152
3388
3322
1669
263
1552
2251
3317
4558
575
2777
4059
3822
1555
1113
4422
736
3567
463
1337
2089
4828
3847
1439
3428
2118
3812
3761
3289
1790
1276
1508
3936
97
1830
1332
1972
3406
4325
2866
976
2219
4313
187
406
992
4828
4020
3919
817
4098
230
1423
1684
1560
2058
3314
523
1331
480
2178
2167
3106
2547
4790
4166
1378
1427
1827
4900
950
2745
3502
2734
334
612
3916
2257
2694
2958
3920
4584
1771
601
2116
4149
2206
2860
4604
3738
1496
3361
3927
81
1681
2189
3750
2856
1894
2559
122
2361
929
4370
4325
4269
4641
3604
4920
1169
3024
2488
2882
2535
1910
1483
4124
2130
4686
3956
1280
3778
1182
2637
143
1681
4363
3063
3661
3093
639
3272
3422
2179
3455
2226
705
354
3942
130
3940
4661
622
803
4726
3312
4657
4610
2355
887
2344
2410
2831
67
4928
3152
4504
2278
2851
4740
4036
1176
3912
2866
4170
1858
1911
330
1631
1270
2344
1039
998
403
1845
2824
3305
1834
3209
408
181
4513
1484
625
2193
4596
1602
1356
827
2069
4137
1077
1538
1794
3162
3364
1519
2066
4247
208
1037
211
3712
1578
3823
3452
4791
2372
2673
2370
2563
2812
4712
1700
3313
3714
3889
3896
1911
3577
2081
1460
2038
1129
1182
4229
691
1934
141
3948
3919
1816
4641
360
47
3370
2562
2832
1727
4871
1566
3941
4094
1085
119
4877
1962
4961
4587
3215
4437
3556
2264
1037
966
1496
397
122
3915
4672
4711
3331
1731
2178
3888
944
1160
4312
1744
265
3033
1683
639
3690
3393
4727
2326
3513
2272
1334
4359
1620
659
2665
4803
4947
4783
1653
2247
3966
235
2622
242
2854
1290
2067
3562
2351
4443
1091
2857
1103
1955
474
3873
2
4226
2139
2334
397
257
4742
1289
4118
1463
1089
4873
874
2423
1289
4368
4479
359
2048
3593
1467
918
3298
2082
3102
1946
3785
4122
2495
3383
3432
3312
396
4877
886
1750
705
53
1279
479
880
3249
410
4883
2387
4594
756
137
3433
1132
3310
1767
4494
250
169
3274
2636
3741
337
2604
4338
3241
4378
238
706
4030
3610
4168
4566
556
165
2968
1479
4320
3065
958
1520
713
3033
1164
3
3615
673
3400
627
2556
1334
83
649
4257
2517
1701
3125
4349
2488
4168
2763
4548
1770
3579
4628
555
1753
1716
405
59
4455
338
3352
1822
4930
4658
4256
3924
1504
988
4815
58
721
4433
3023
3883
3504
818
1563
1530
1830
766
4335
1871
2177
3242
3445
3968
805
108
1699
3507
779
577
3808
3866
2088
2127
1519
2685
372
4718
1236
2106
640
2849
1379
3193
4035
3916
3525
259
2183
109
1107
1000
2141
4550
258
60
853
2716
2265
4784
588
1710
488
3482
4321
2007
4391
251
1459
4296
3503
4608
487
3052
2531
1914
2031
2670
3402
776
499
4328
4550
373
2326
3545
3955
1053
2811
2571
3989
4858
4225
946
1481
868
3377
4656
4003
4585
2158
2970
690
870
2910
1827
1656
4516
36
716
1424
1299
4810
984
4938
1190
1587
2979
718
232
4375
461
267
3255
4682
1138
2307
2030
2631
2457
4178
65
3193
1828
2578
2625
1127
4527
2119
4857
4804
1042
1524
753
4105
1503
3238
4521
2589
1178
2637
2104
1410
3537
1599
2335
1196
3958
3910
2652
1092
3481
4084
2400
4136
4658
1864
4094
4278
1466
1483
1944
1093
2637
3292
1979
1234
2206
947
1210
2812
4842
2974
3813
1994
1983
1812
3364
927
2087
3112
341
1970
1720
813
579
4872
2196
2854
915
1135
4120
2726
14
1600
32
4315
2625
2773
768
983
299
2549
1124
1690
4249
3604
4764
2782
261
2018
1065
1049
2544
535
3112
4637
3364
1083
4819
128
3295
1790
995
1910
1085
2900
4878
4385
832
1243
1936
2398
3126
2214
2970
1169
1787
1902
2408
2289
3243
2341
1929
2547
2028
160
1630
2167
4934
2999
1764
4451
643
1370
4668
382
406
2952
4112
2848
2773
3563
193
2184
432
4225
916
2408
3528
3789
1392
4760
210
4050
42
3965
91
855
4902
2076
2160
2486
2419
3935
3694
4183
1611
1347
621
469
4225
2884
312
28
4865
4493
3871
4361
2715
2741
857
1026
4822
3530
3028
2140
4751
4052
4246
346
196
3190
3844
3965
4568
2886
4287
1844
1749
3126
805
1129
3339
4134
1309
1277
3365
1273
397
1679
4897
1023
1072
3153
894
3660
4674
4102
1315
3515
1166
261
2062
4122
3443
3049
1272
4992
2203
2274
1221
146
4410
3338
3243
3805
2060
3211
900
414
209
393
4507
3051
401
1651
759
4671
3469
4717
1102
1685
4757
2738
4737
2500
983
857
2227
857
1017
2175
1117
1438
909
4108
400
3005
3545
4222
1888
854
2330
4207
383
2133
9
2211
1405
2605
2227
239
2151
2424
4876
613
2730
672
3187
4422
2796
552
3189
4199
2886
1341
4900
4766
516
1948
959
1003
2803
2843
2610
497
2472
4952
3107
667
3110
2320
2808
4216
1665
3990
2757
2760
151
1042
4073
2386
4533
658
2375
794
4270
4576
4288
3945
2291
3148
4088
396
1026
3687
2419
2279
4379
3409
4083
4134
4597
1141
536
3127
744
1947
1739
831
3631
1395
1760
3878
426
4938
133
2857
672
9
1358
2488
4212
1081
3432
1874
3688
4487
3421
2426
2592
2933
2032
742
721
3098
64
4290
1119
1986
1291
1495
408
938
4012
2493
2697
1275
3903
2213
3277
4134
4366
2918
1140
3156
2928
3618
383
2424
1854
2091
3221
1763
1295
4985
2729
4559
4093
4331
196
1735
490
4579
497
3671
3943
4085
1684
1557
4320
4530
1482
1924
2806
1826
2887
2989
649
107
2255
3841
823
4993
2136
1398
1795
4519
3269
2890
2848
1507
4847
4494
1791
2644
2562
4109
1725
1350
361
756
4022
2334
3038
4064
4622
4065
109
329
4964
89
2741
2068
2783
3066
1845
2067
281
4790
2980
2662
363
4609
2563
1460
471
1365
3203
3715
2979
3761
1960
3751
1811
578
1303
1822
3577
420
2367
3041
3178
4532
3780
3481
1288
4529
2399
3990
1743
4264
3504
3945
4500
810
148
3694
2018
4152
4032
925
3231
764
3469
3237
4709
4563
2798
2033
1906
1238
268
4237
2053
4620
1555
4333
2471
1308
1129
1788
1503
504
780
4538
1803
468
612
2077
4027
240
506
4364
3390
2910
4683
1011
2409
3205
3366
4982
3186
3571
1167
3582
995
1375
3871
1558
558
2586
1776
3784
4774
2942
3658
3085
1418
630
473
582
1755
1675
1424
3713
443
4321
2139
731
326
3848
4101
3992
1155
4136
2167
22
1391
4560
2583
4699
3579
4066
4785
356
3420
4899
4670
537
1707
4220
4330
2829
1854
2507
4524
323
597
3051
3514
1503
2593
1925
1903
3053
4129
3171
2483
1116
2864
1646
3564
2209
3111
3309
1041
4456
4097
1770
2154
1817
4642
393
932
320
3877
888
2039
1457
1032
4080
329
2064
1295
3234
1193
4564
3288
1709
1051
3807
2492
882
1143
789
3781
4364
4535
796
256
1596
3514
2947
4675
417
1290
1508
3651
1761
190
3387
2848
2437
2351
4833
444
3953
4658
1376
2122
3489
2935
4509
268
4224
1695
3796
4734
2793
3002
4722
2961
621
2681
1151
2609
1235
1756
1099
2290
3371
4931
1625
1508
1067
2332
4135
1125
4539
1620
4430
770
1342
376
1952
2170
415
4941
795
2495
2315
3210
4608
1818
3342
2842
3511
2782
3936
3936
3538
3008
3581
2059
1948
3344
985
1123
4197
1286
3115
2766
1546
4172
1526
3405
3856
35
376
1219
4478
2044
1850
561
4526
2295
4768
12
4336
4618
1964
2724
873
1829
1553
4941
608
3150
4231
1108
4500
4200
2624
3232
332
1187
2778
4689
2364
3676
3060
307
1183
4196
3921
3803
4
938
1153
2988
3939
837
168
1310
4665
2312
467
991
2669
314
2528
3148
620
2765
487
3425
1522
356
1118
4049
1591
2151
191
290
2133
3203
2761
4916
3286
639
592
4502
3608
4400
4898
2845
4294
4584
909
3950
604
1793
4777
368
352
2678
2984
3063
2828
2080
2990
2342
4882
4880
4673
1103
1998
3838
2739
71
4699
2960
4926
561
3449
2470
3112
4392
855
1357
1173
3949
3034
2882
2810
983
817
2603
4047
4337
3824
4549
4401
3279
198
4369
1121
2594
3941
3724
3141
1754
1909
4035
4564
286
350
1716
110
2523
2171
999
4402
3969
1019
129
4857
759
1454
4725
360
830
3020
115
4558
1140
770
1062
849
3798
2955
2317
3315
2569
1915
2443
2124
175
4682
1609
635
3727
1959
3211
4117
3850
1046
1984
1072
820
3994
2424
2649
1060
1383
4147
3897
1681
2966
3887
3168
3993
4687
2458
3777
1897
4283
1502
1363
2565
2811
2745
4366
815
2503
1591
857
791
4304
2534
948
4490
4565
4709
363
2515
2702
3426
510
2072
4569
3810
2607
2287
2918
3597
2526
3149
4244
1249
3698
3178
365
1266
3928
4385
4081
1991
476
1173
3239
3587
2767
3235
3708
454
1052
1707
2043
1480
2327
3269
3626
2733
2089
3684
2679
4322
3394
4929
2699
4751
3940
2097
2839
830
1359
2999
4628
1313
223
1333
372
1711
4366
2111
4345
3696
678
1743
248
417
2949
13
2744
1318
121
4131
2017
4873
2057
3001
753
2899
4621
4169
605
1132
2596
935
1347
1757
3272
4657
2765
252
3046
1178
2247
502
4766
4145
556
882
1777
417
1672
3273
3365
256
2673
1506
3275
50
3404
131
2189
4488
3860
3429
1365
3895
145
803
2462
1703
989
308
4011
257
406
4967
4754
117
370
4911
2287
3080
4416
1029
3509
1215
3216
4816
417
2928
3093
849
2627
3767
2244
1656
572
877
2587
4701
4479
1815
1962
2267
3935
2489
3153
41
3820
3530
3440
3312
4955
4614
4271
3056
3099
10
1080
1631
2639
1773
4578
916
3363
3014
128
1296
3970
2965
4110
4039
4514
1132
2246
1593
372
982
4268
426
136
4894
1926
4474
3598
2396
3049
859
1196
4138
4930
839
2226
4160
1727
751
2080
3280
3104
1707
111
1733
3796
3369
2828
2908
4846
1647
2336
88
159
3908
1692
1477
1110
4058
1602
4439
2149
1596
670
2498
3589
685
526
228
3245
1090
3877
1855
3417
2091
2431
4413
2956
4298
908
896
597
2022
1799
4806
1322
4504
1029
953
4098
4264
3160
4544
1937
3436
4861
1219
3350
436
2009
4435
1756
978
543
54
4272
74
2673
361
3708
3663
1780
119
761
1905
4086
144
1049
929
4784
12
2309
115
228
110
2308
130
3774
3443
1459
2165
2684
1350
2186
4531
251
3161
2416
4746
2798
1748
3784
4800
1371
3690
3925
160
1292
978
3507
4262
3945
3070
1688
209
2523
1115
430
730
862
4968
1925
1760
4227
4824
377
2405
4087
2529
4590
4289
1202
2113
4640
1353
3501
409
321
10
1197
3791
4417
2810
3211
4999
1181
1243
2247
2431
1972
3135
4282
3069
3429
4185
423
4822
2141
475
793
1588
531
988
1166
3361
1740
115
735
3584
955
2532
1887
4952
268
4049
4390
1677
3795
4942
4760
4348
2647
2414
480
4847
4401
1058
3073
837
4084
2230
1991
4162
3170
747
2153
486
2546
4880
1706
1387
841
3157
3818
2938
1185
2224
2762
1909
1734
1606
3964
76
1519
1096
3724
3525
4215
4917
4919
2979
162
667
1961
4600
2101
3264
927
3322
954
1861
687
1388
1252
4465
496
1911
2058
1608
2824
2282
743
360
1056
337
1686
2400
4198
2837
4170
4132
2314
3750
3350
4617
4825
1946
4848
4239
3305
2902
1976
1522
1349
376
4669
584
2943
674
3770
4286
2522
1401
3456
3589
2438
4614
1019
4163
3988
672
3044
1441
2476
3580
575
4170
178
4897
4287
901
503
1646
1305
4304
4696
1176
3042
1511
1831
144
2574
2225
1603
4306
1260
3513
882
4742
4347
636
347
4039
190
1173
3501
3945
1263
950
673
624
786
2296
4189
100
4729
4835
1918
2216
29
3443
2386
4909
1858
1564
1652
3471
4276
3948
1327
3601
4480
824
3211
1234
2401
4698
2017
4700
2450
4758
518
1398
4780
2614
11
4530
1172
4262
1363
4418
4464
2959
782
2539
623
818
4009
623
3833
327
4224
3566
2181
777
4620
1245
789
3681
4332
3545
971
2817
1199
1572
1409
3664
2931
3893
1374
3433
3156
1933
3373
201
1740
667
2023
3572
2672
3049
2578
3570
614
3378
4629
3399
596
592
3754
2330
3697
3662
242
1673
1874
3703
4282
636
2300
142
3127
2726
3471
1265
1375
4323
2316
3670
1427
2801
2587
4848
3538
1196
2639
2277
3388
1465
1193
94
4599
3976
3736
3270
1049
4227
3975
1232
3881
4856
793
2579
3850
3770
2598
4194
1992
1677
4402
3926
4408
2373
4
1368
1409
1789
4374
2010
2528
4153
2599
3553
1891
3911
3690
4534
2625
3224
867
4550
174
926
2777
2243
2849
537
653
1890
3378
4330
4201
2911
3771
3397
2101
904
2675
4087
1975
4362
1085
1835
3934
4928
3112
511
4560
205
4723
3859
2051
1444
2898
1299
1330
432
2387
1278
1957
1160
195
2799
3142
1082
1567
874
143
1084
2348
2319
1160
3507
13
950
1912
2260
4486
2743
4748
2698
401
897
868
2001
2300
1274
4437
3610
3805
3855
2497
675
3628
4631
2428
1813
813
2855
730
3859
2588
3115
37
4879
951
3171
4400
3485
3764
959
2851
105
802
1471
3210
3637
3176
1362
4346
134
2015
1941
217
4662
3655
4485
1794
1256
1666
1180
4086
1897
3256
2768
2684
642
3428
1531
2174
1422
389
1440
1231
2817
3556
2248
1878
1267
3427
2756
4860
1506
1863
1434
3075
763
265
2956
1664
2901
3823
4323
1849
2009
1301
3997
2087
1833
2668
2754
3328
590
4201
2331
2890
192
3250
1550
1120
1108
3494
3772
3494
1723
1626
3484
448
497
3038
1173
2498
2257
1635
3681
1041
2697
975
2203
1723
3925
4507
1177
2826
977
4972
633
4744
2783
3428
3407
4459
776
4759
4128
4370
269
4766
4205
2324
4103
3996
3760
4694
3900
2177
2232
3403
776
2849
3507
3590
4405
774
4042
4542
1064
1115
2582
622
4991
1495
4997
2122
1906
1624
1443
2396
794
3574
2019
4431
1041
2317
93
4105
1105
2976
1419
2655
1005
3745
673
2381
711
4513
4776
219
3234
4449
3709
2801
2695
4678
1718
1981
4535
830
1357
3376
4767
2644
1335
3665
1393
2797
619
1505
4224
3919
4829
3504
1260
1720
954
652
3995
4215
3030
1066
4123
2504
2647
4528
1620
1044
2104
4567
4669
2642
4960
68
855
3525
1276
3166
3689
2093
4096
1151
4851
1987
3476
3940
3633
1330
3770
394
2620
349
1413
4776
4610
3128
1073
3853
1096
1567
3194
4324
4466
951
1370
1364
2536
1031
3815
2427
2154
2090
4468
3312
183
632
1200
2623
4214
4335
3445
3816
4785
4029
4229
2577
3382
622
3844
4458
1853
2487
1129
2122
958
3633
1860
3013
3876
2217
2080
4943
3495
4818
2545
1197
3738
112
4937
2712
2785
4028
172
4804
3359
989
4434
3557
1523
4080
226
2527
2783
3515
1376
4566
2536
141
4500
3437
744
4142
2758
2883
4765
2927
1057
1195
1834
1604
4199
4613
202
635
384
3771
1000
2120
582
1466
2377
4862
2945
1546
2329
2202
4165
3767
1524
286
958
789
2447
4836
4175
3065
4108
326
3580
371
159
3151
2923
3746
3299
3142
552
2760
1338
3515
2274
534
1974
460
3497
4014
3292
302
4303
792
1545
1318
4974
2007
1793
1650
4275
3684
4990
2837
3039
4756
2979
4921
3712
2015
4323
2909
4522
2757
2651
4436
2682
672
161
2966
1714
2706
3456
2135
4430
2939
4048
4819
1417
1511
4689
2095
3225
2090
2792
1677
4852
350
2352
1038
3881
16
658
4394
3271
1287
2998
918
2909
2132
4133
2712
1818
4046
3346
3631
4210
2756
3979
2605
2977
4993
1017
2486
4414
707
4622
1722
392
2839
4301
14
2586
4377
2281
1712
2162
4738
2287
3264
102
3658
4073
3712
1871
1941
1835
338
2755
4996
1012
4069
3416
2277
874
2003
438
1412
914
2083
257
2491
1145
2310
1183
2098
4532
53
669
4621
1324
970
3751
3521
275
4356
3824
3273
4540
1872
2602
1624
2419
2326
2355
682
4379
2318
2371
4200
926
2041
4603
539
514
4000
4093
4379
400
3750
3104
61
216
1973
4477
2428
3605
494
2997
603
3622
4517
1562
4824
4589
4309
4819
3367
1153
2357
4890
4276
1501
2480
300
516
1505
3944
2106
826
1315
2003
1256
2689
1077
1050
2851
2402
3408
4375
45
1371
3183
1335
2357
625
2465
2208
29
704
4271
4697
2816
1726
2887
2829
483
1977
1963
1430
4339
861
4651
3080
144
2803
292
2053
339
3558
4003
4970
3991
1185
3549
668
3876
2714
1818
312
2563
4280
658
3707
806
1155
2185
3067
2961
3260
2123
3284
3335
458
2616
2965
2091
239
515
1937
3342
4928
2991
1755
3642
3163
3959
4996
3209
3795
1518
2307
538
4294
3327
3657
4537
3585
2020
3240
4684
227
1015
4669
104
1000
2819
302
926
965
4558
3614
2233
371
4288
1866
2877
1608
4567
4732
4891
1575
4207
2711
3999
3830
2557
1266
696
3173
431
938
3325
4557
1604
2296
3321
1888
674
1208
3988
4491
2007
395
347
450
3756
3875
720
4559
4949
1240
3389
2525
1549
1786
3396
4656
878
3941
4142
537
102
1326
4892
4924
1848
2922
3134
4111
3872
4051
4450
781
1670
926
2606
965
2590
4378
3741
4605
2445
421
3851
439
2708
4706
3626
4955
3852
1080
4562
268
3851
4122
3680
4460
2865
785
448
1397
2480
4394
4680
2401
2912
4552
4140
3521
2534
331
2949
33
2493
2230
2559
3478
1370
2949
3990
834
3180
678
4517
2937
1483
259
405
267
808
2049
2995
3122
2425
952
1772
4513
2075
4706
4360
2192
3382
3265
4807
1187
3695
746
2896
3702
436
1881
1715
2249
709
2370
1822
4889
205
388
3105
4007
2659
3661
3983
4053
1716
1888
4444
2795
1889
1769
1660
4392
3460
3581
3617
4793
4705
3289
3631
2647
1463
3136
2510
4056
3430
3002
2005
3630
3151
3496
857
1660
3174
2526
3611
4487
177
1205
3993
1379
1750
4930
3639
3718
3206
766
3159
3098
1077
1868
91
4192
1270
4565
901
4616
2417
3125
4735
3134
689
836
940
3842
3919
246
3047
2383
4849
2524
3301
3321
4564
3579
1410
3007
2715
1951
505
3409
4327
3460
4029
2925
3858
2155
2544
2584
3623
3554
2562
1477
4658
4750
1818
1104
2187
330
1719
3783
1552
4025
2067
1076
1051
236
2770
1479
2696
1969
2822
3630
1182
1876
4443
2715
2495
1204
2840
1683
4093
1157
231
4128
1501
2813
1006
2460
4288
1801
2524
2811
1162
3138
4873
307
12
1597
3366
2446
993
3073
524
70
2909
749
4557
4989
541
16
1272
4447
889
2786
1345
77
4020
4946
1501
2534
2387
2155
1943
4694
718
3683
1851
2491
946
2372
2423
252
587
167
3015
552
1717
768
557
166
3435
3759
3154
1103
4443
94
3722
4027
3551
2731
3667
2370
1251
1444
3545
1764
620
532
2951
1595
2584
2687
2070
439
2709
2270
4706
2253
3444
4010
1712
4199
3672
167
4549
1323
4244
4547
920
4974
1681
651
2814
4287
3882
265
910
4484
1313
3257
3021
4774
4308
842
4979
4414
1610
2082
2904
1187
4133
3496
395
2422
1217
324
2656
1950
1831
3723
3729
3078
782
1110
1290
415
4158
699
4890
137
2923
919
3777
2091
1175
1750
4599
2755
3580
3307
4978
3827
2132
2489
2992
3284
1646
3139
52
4773
4764
3454
389
2688
4587
2364
216
1102
859
3722
4990
1515
3792
2147
4382
249
1317
2526
3724
4196
2704
3223
402
4306
1321
2179
2442
3555
1066
2082
2203
3660
1146
4993
1995
4750
2121
1967
3241
131
4157
1542
3215
3615
2964
1646
1800
2175
3189
3195
4526
2867
529
3134
1109
3565
1671
4521
1269
3522
2463
2975
460
2592
4787
2659
480
3622
2592
3227
3458
2349
3203
967
2279
2213
3636
2132
2547
4841
4944
813
70
1965
830
1612
3483
3093
4051
3422
1447
321
1044
351
1620
4340
1069
3001
4347
290
2409
1137
3696
4647
1725
4160
4879
2463
694
4760
3522
1051
4155
582
2830
4234
4629
8
1957
4888
1268
4297
4698
2514
3815
2082
344
2900
2852
4223
3906
3020
3122
9
4721
1107
2628
1443
4791
494
1296
112
1302
465
1275
2227
224
2644
3133
3041
1314
4150
2007
1095
45
2075
4036
149
1011
3728
267
225
670
229
89
1753
1983
4133
2555
283
4386
3469
4192
4368
4897
2123
4525
372
2028
4506
4637
331
2054
2393
2754
618
4528
2699
1814
1274
4478
3085
1130
4670
1981
4328
929
4945
904
3446
1673
4221
4676
430
2277
2249
518
4244
1935
576
4546
2186
259
2667
2823
1981
938
3152
1146
875
3474
663
1791
1163
1802
98
1964
992
1190
1949
1804
1471
4276
1724
1413
212
4612
1689
1285
3623
2023
1706
2588
3043
1680
1641
3340
4174
4567
1181
876
2572
3430
3036
4831
3561
1274
1328
3069
2772
2604
2467
619
4604
662
1283
3592
2857
2973
1922
2302
310
3056
4980
710
1583
3298
4461
1004
4207
3372
1086
3861
3979
4149
3810
360
3202
3552
341
1059
2431
3631
868
4660
3057
2459
4705
3170
3894
375
228
1785
814
3196
2619
3663
2386
1774
2696
4398
3614
3107
1825
3370
4361
3100
467
3495
793
4722
2823
489
2478
176
389
157
2463
3007
1629
3071
1703
321
3828
2053
4442
1168
1178
4000
676
4414
988
2752
952
2537
1618
4438
3139
3290
266
2348
2570
2678
2326
2607
4531
4752
1829
1692
4596
2947
4863
4072
4566
311
4319
3908
2237
1538
3330
1024
4620
3651
1176
866
1173
2057
986
4934
1748
1435
4652
603
3775
1375
1347
4782
4625
4270
808
1874
397
594
379
4673
645
1385
4435
1209
2108
844
1234
4964
982
4958
4616
1277
2696
4408
4123
4931
951
3797
319
3511
1374
4000
1339
2917
3875
2795
2432
2731
3951
126
2824
2318
1428
1262
1200
4716
4984
4912
255
4033
4444
2044
4404
2066
306
2706
1862
589
935
463
1987
2631
3483
207
3687
3796
131
847
2332
4843
1265
3222
2605
4879
4639
2502
2699
3896
4790
4458
885
1239
2970
3565
1736
2355
470
3529
4838
3582
2565
2499
2462
2484
4140
4704
782
4085
908
3666
2714
2264
4560
4028
